Coupling 
   6.331   5.951   4.853   5.668   9.597  13.966  21.427  13.966   9.597   5.668   4.853   5.951   6.331
   5.645   4.666   5.023   8.648  13.250  18.309  15.142   9.130   4.377   2.899   4.712   6.081   5.645
   4.333   3.457   5.621  10.432  15.718  18.485   9.208   2.179  -1.699   0.142   3.562   4.969   4.333
   2.604   2.194   5.158  10.530  15.330  11.107   2.546  -5.915  -6.721  -2.935   1.790   3.453   2.604
   0.248   0.513   3.309   8.556   9.372   3.675  -7.395 -11.367  -8.648  -4.273   0.026   0.904   0.248
  -1.219  -0.279   2.404   4.462   2.328  -5.560 -12.700 -12.308  -7.319  -2.714  -0.361  -0.648  -1.219
  -1.948  -0.646   0.771   0.653  -3.904 -10.815 -14.526 -10.815  -3.904   0.653   0.771  -0.646  -1.948
  -1.219  -0.648  -0.361  -2.714  -7.319 -12.308 -12.700  -5.560   2.328   4.462   2.404  -0.279  -1.219
   0.248   0.904   0.026  -4.273  -8.648 -11.367  -7.395   3.675   9.372   8.556   3.309   0.513   0.248
   2.604   3.453   1.790  -2.935  -6.721  -5.915   2.546  11.107  15.330  10.530   5.158   2.194   2.604
   4.333   4.969   3.562   0.142  -1.699   2.179   9.208  18.485  15.718  10.432   5.621   3.457   4.333
   5.645   6.081   4.712   2.899   4.377   9.130  15.142  18.309  13.250   8.648   5.023   4.666   5.645
   6.331   5.951   4.853   5.668   9.597  13.966  21.427  13.966   9.597   5.668   4.853   5.951   6.331
Coupling_transGly_transPro
   5.765   5.444   4.262   5.058   9.114  13.152  18.651  13.183   9.159   5.086   4.202   5.407   5.765
   5.052   4.118   4.117   7.414  12.171  16.590  13.716   8.429   4.115   2.424   4.031   5.383   5.052
   3.526   2.593   4.175   9.104  14.427  15.781   7.791   1.959  -1.690  -0.629   2.642   4.136   3.526
   1.799   1.195   4.000   9.337  14.582   9.951   2.841  -3.127  -4.542  -2.045   1.000   2.161   1.799
  -0.618  -0.390   3.286   7.791   9.671   4.426  -1.623  -6.203  -5.290  -3.066  -1.331   0.551  -0.618
  -1.784  -1.484   1.242   3.767   2.672  -1.847  -6.616  -8.415  -4.873  -2.965  -1.748  -1.584  -1.784
  -2.466  -2.250  -0.997  -0.874  -2.645  -6.163  -9.053  -5.280  -2.308  -0.963  -0.913  -2.061  -2.466
  -1.734  -1.738  -1.896  -3.265  -5.315  -7.657  -6.384  -1.999   2.366   3.335   1.150  -1.690  -1.734
  -0.601   0.553  -1.286  -3.452  -4.467  -6.295  -1.823   4.230   9.377   7.999   3.570   0.366  -0.601
   1.729   2.172   1.057  -1.725  -4.282  -3.406   2.817  10.047  14.741   9.237   3.897   1.124   1.729
   3.501   4.094   2.705  -0.583  -1.701   1.698   7.707  15.491  14.670   9.039   4.216   2.453   3.501
   5.067   5.422   4.120   2.408   3.835   8.156  13.495  16.545  12.143   7.391   4.086   4.103   5.067
   5.765   5.444   4.262   5.058   9.114  13.152  18.651  13.183   9.159   5.086   4.202   5.407   5.765
Coupling_cisGly_transPro
  -2.863  -2.093   0.813   3.589   4.824   4.785   2.207   4.759   4.784   3.581   0.808  -2.095  -2.863
  -2.914  -2.216   1.277   3.119   4.993   3.923   2.382   4.122   3.974   2.903   0.370  -1.887  -2.914
  -2.512  -1.374   0.652   2.316   3.630   1.619   1.077   2.053   3.567   1.875  -0.238  -1.575  -2.512
  -1.110  -0.095   0.828   1.471   1.279  -0.301   0.145  -0.487   2.818   0.807  -0.271  -0.818  -1.110
  -0.290   0.722   0.828   0.909   0.510  -0.856  -1.078   0.097   0.966  -0.997  -0.746  -0.745  -0.290
  -0.292   0.451   0.546   0.582  -0.666  -1.583  -0.991   0.657  -1.941  -1.991  -1.227  -0.821  -0.292
  -0.650  -0.708  -0.416  -0.609  -1.191  -1.398  -0.726  -1.207  -1.101  -0.982  -0.595  -0.716  -0.650
  -0.238  -0.728  -1.002  -1.682  -1.523  -1.376  -0.704  -1.306  -0.603   0.559   0.595  -0.278  -0.238
  -0.213  -0.599  -0.525  -0.725   1.024   0.065  -0.789  -0.549   0.802   0.996   0.889   0.879  -0.213
  -1.063  -0.736  -0.226   0.842   2.963  -0.444   0.222   0.283   1.286   1.534   0.777   0.100  -1.063
  -2.357  -1.441   0.235   1.933   3.556   1.763   1.107   1.627   3.612   2.324   0.712  -1.238  -2.357
  -2.870  -1.823   0.415   2.917   3.956   3.999   2.309   3.969   4.997   3.059   1.259  -2.190  -2.870
  -2.863  -2.093   0.813   3.589   4.824   4.785   2.207   4.759   4.784   3.581   0.808  -2.095  -2.863
Coupling_transPro_transGly
   3.765   3.525   4.125   6.461  10.345  13.571  19.135  14.977   9.784   4.678   0.000   0.000   3.765
   1.961   2.115   4.830   9.626  13.898  16.663  14.309   9.303   3.425  -0.255   0.000   0.000   1.961
   0.774   1.611   5.419  11.466  15.913  16.098   8.670   1.925  -3.430  -4.749   0.000   0.000   0.774
   0.482   1.341   5.359  11.250  14.511  10.039   2.249  -5.013 -11.156  -7.987   0.000   0.000   0.482
  -0.723   0.134   3.069   7.746   8.544   3.088  -5.447 -12.001 -11.156  -8.466   0.000   0.000  -0.723
  -1.019  -0.471   2.021   4.080   2.223  -4.672 -12.287 -13.791 -11.156  -6.465   0.000   0.000  -1.019
   0.382   0.329   1.051   0.625  -3.549  -9.150 -13.347 -12.134  -7.520  -1.419   0.000   0.000   0.382
   1.339   0.877   0.246  -2.751  -6.225  -9.921 -11.469  -7.024   0.280   3.739   0.000   0.000   1.339
   2.533   2.114   0.615  -4.143  -7.702  -9.736   1.306   1.460   1.805   1.434   0.000   0.000   2.533
   4.225   3.995   1.560  -3.899  -6.794  -4.814   1.675   2.126   1.641   0.835   0.000   0.000   4.225
   5.396   4.974   2.627  -1.106  -1.701   2.149   2.971   2.279   1.425   0.168   0.000   0.000   5.396
   5.474   4.874   3.444   2.677   4.578   8.267  13.740  17.843  13.692   9.060   0.000   0.000   5.474
   3.765   3.525   4.125   6.461  10.345  13.571  19.135  14.977   9.784   4.678   0.000   0.000   3.765
Coupling_cisPro_transGly
   0.962  -0.196   0.674   2.330   4.919   5.441   3.084   2.482   1.253  -0.216   0.000   0.000   0.962
  -0.473  -1.485  -0.403   1.919   5.265   4.812   2.458   1.855   0.425  -0.420   0.000   0.000  -0.473
  -1.678  -2.178  -0.785   1.139   3.675   2.286   1.576   0.742  -0.394  -0.541   0.000   0.000  -1.678
  -1.795  -1.755  -0.414   0.779   1.778   0.947   0.686  -0.447  -0.519  -0.133   0.000   0.000  -1.795
  -1.548  -0.918   0.177   0.907   1.099   0.506  -0.795  -0.383   0.237   0.037   0.000   0.000  -1.548
  -0.686   0.317   1.194   1.519   0.748  -0.937  -0.845  -0.285  -0.179   1.199   0.000   0.000  -0.686
   0.488   1.434   2.145   1.924   0.459  -1.232  -0.802  -0.370   1.043   1.711   0.000   0.000   0.488
   1.418   2.029   2.475   1.593  -0.618  -0.995   0.869   1.136   1.539   1.625   0.000   0.000   1.418
   2.400   2.307   2.049   1.359   0.382   1.484   1.282   1.596   1.795   1.411   0.000   0.000   2.400
   2.767   2.228   2.071   2.245   3.199   2.355   1.629   2.099   1.707   0.866   0.000   0.000   2.767
   2.463   1.661   1.724   2.351   3.404   3.439   3.067   2.258   1.401   0.583   0.000   0.000   2.463
   1.828   0.913   1.223   2.309   3.849   4.941   3.645   2.114   1.491   0.289   0.000   0.000   1.828
   0.962  -0.196   0.674   2.330   4.919   5.441   3.084   2.482   1.253  -0.216   0.000   0.000   0.962
